12
127
68
471
49
423
382
453
426
195
336
461
122
10
273
393
95
209
416
20
318
63
428
56
481
444
317
139
53
75
346
108
259
350
17
147
252
377
231
88
453
282
449
71
362
460
449
314
292
386
311
10
398
475
375
500
149
130
464
225
73
324
59
166
216
177
63
112
426
382
451
247
16
43
380
3
415
377
315
271
397
366
432
174
457
462
243
216
191
370
486
218
265
306
80
107
439
2
396
225
273
266
276
241
403
167
279
149
189
363
419
443
347
264
318
455
222
417
182
391
444
385
126
119
88
68
207
349
300
252
465
448
128
478
384
249
427
90
36
217
222
221
489
281
247
404
468
389
261
166
423
254
429
293
385
166
351
108
495
92
42
178
444
194
222
487
391
394
101
349
21
106
419
393
391
360
399
279
60
127
104
427
486
367
58
188
121
60
289
202
262
197
168
161
270
44
240
28
212
200
402
357
103
206
205
24
61
54
382
246
210
405
151
305
37
369
314
414
186
446
275
240
127
495
326
80
23
120
217
395
345
101
47
329
119
9
280
181
258
364
151
424
75
200
415
312
22
292
73
276
462
275
6
319
415
361
436
452
160
223
363
143
105
157
263
408
221
204
415
70
163
241
270
306
282
203
496
401
427
251
411
6
248
425
469
382
209
152
421
120
342
136
438
218
212
114
63
360
456
401
61
260
466
181
19
121
419
35
22
380
400
434
280
443
141
71
106
407
115
55
246
409
125
277
293
359
10
360
401
62
496
345
42
329
446
302
343
12
366
371
437
102
4
495
450
213
193
427
285
191
348
499
104
90
302
134
367
203
135
431
78
365
203
12
299
239
216
87
118
404
240
67
126
229
39
190
443
494
155
315
214
186
364
461
76
139
122
46
476
129
185
109
406
159
401
488
11
94
379
330
2
261
478
397
317
170
293
171
365
182
289
135
73
414
288
281
257
74
165
233
244
162
117
425
264
456
229
467
57
336
9
37
375
435
314
131
499
321
92
244
264
411
194
370
312
184
333
106
97
32
316
194
408
384
379
344
298
219
318
346
281
155
185
476
246
18
410
76
359
194
284
119
315
296
405
313
245
439
367
353
72
70
189
479
262
56
407
296
303
392
292
18
468
371
246
445
45
122
451
378
