469
296
366
359
116
329
82
342
327
31
96
494
304
215
65
404
306
152
422
296
38
456
222
15
325
221
482
29
228
223
458
434
477
111
54
169
273
153
4
123
216
120
176
264
245
72
208
196
88
363
449
37
111
281
345
341
495
40
335
407
108
432
37
331
322
145
462
330
44
125
385
471
70
323
102
152
234
244
319
305
332
361
152
488
466
103
373
49
115
233
396
307
299
3
420
409
194
423
115
214
288
267
120
367
278
106
15
24
374
64
60
80
500
77
48
337
341
45
436
176
329
213
319
127
239
351
114
299
110
375
377
235
200
222
81
250
120
65
103
403
10
369
190
241
454
415
396
340
156
407
321
18
329
263
307
61
447
380
353
492
296
171
480
419
16
373
176
374
430
162
187
490
258
255
215
82
418
40
414
385
81
394
283
355
39
236
346
116
5
223
277
83
232
382
420
66
343
370
126
329
371
430
367
197
394
334
47
143
21
413
441
239
483
110
93
206
90
347
189
151
167
206
338
256
2
225
229
133
29
471
236
411
70
188
261
295
80
215
368
458
12
258
298
156
101
295
161
34
82
21
393
34
277
174
199
289
340
39
77
387
363
463
262
422
215
400
371
352
352
451
172
49
233
12
49
445
327
34
154
248
29
360
430
281
129
332
460
421
151
446
35
462
93
428
417
269
36
404
150
342
484
199
43
7
175
432
110
404
451
184
410
82
385
27
402
189
37
103
166
257
105
268
408
474
6
155
305
411
1
162
317
174
314
136
122
339
366
329
103
131
159
456
10
302
94
5
446
442
123
271
203
47
464
410
392
65
397
333
463
453
429
99
143
378
294
77
364
427
406
438
447
12
157
263
340
339
43
456
353
73
39
330
130
105
34
82
461
426
398
264
175
175
136
365
105
472
369
334
489
124
353
332
322
169
213
246
408
323
96
484
81
165
430
89
18
388
294
423
291
364
447
19
315
123
21
171
382
57
81
5
217
85
53
15
305
159
428
141
432
365
194
341
57
164
229
173
247
183
257
332
146
128
230
164
327
457
102
116
57
384
27
429
126
260
13
465
346
439
156
389
55
326
50
394
332
193
21
271
172
215
125
142
330
458
383
246
223
246
188
329
280
277
266
70
191
14
111
156
179
209
